Epoch:1, Train Loss:1.324841775212969, Vali Loss:1.20610511302948, acc:0.42527927862149534, f1:0.37211365474461905
Epoch:2, Train Loss:1.2050353558474878, Vali Loss:1.190690279006958, acc:0.45471305490654207, f1:0.4112407768890961
