Epoch:1, Train Loss:0.5837141364038765, Vali Loss:0.3554617464542389, mae:0.5159990787506104, mse:0.45863455533981323
Epoch:2, Train Loss:0.4801320160861803, Vali Loss:0.429162859916687, mae:0.5086497068405151, mse:0.4205671548843384
Epoch:3, Train Loss:0.42111561519537877, Vali Loss:0.3923923373222351, mae:0.4796791672706604, mse:0.3926472067832947
