Epoch:1, Train Loss:1.2914145656773244, Vali Loss:1.1576286554336548, acc:0.4562007155373832, f1:0.41449231456050617
Epoch:2, Train Loss:1.188112452233656, Vali Loss:1.2319194078445435, acc:0.4562007155373832, f1:0.41926883126445574
