Epoch:1, Train Loss:0.6834312211646725, Vali Loss:0.4115777611732483, mae:0.5329843163490295, mse:0.49664992094039917
Epoch:2, Train Loss:0.6803042491799907, Vali Loss:0.4113042950630188, mae:0.5338039398193359, mse:0.49874845147132874
