Epoch:1, Train Loss:1.4117469787597656, Vali Loss:1.29210364818573, acc:0.3802661360981308, f1:0.27067885163091204
Epoch:2, Train Loss:1.3722068339224287, Vali Loss:1.3283450603485107, acc:0.3146630403037383, f1:0.2849759279976017
