Epoch:1, Train Loss:1.3386938302623115, Vali Loss:1.3056068420410156, acc:0.3868739047897196, f1:0.3012089166296941
Epoch:2, Train Loss:1.2818654735561326, Vali Loss:1.315101146697998, acc:0.38462872371495327, f1:0.3301684227945275
Epoch:3, Train Loss:1.252537992270852, Vali Loss:1.328995943069458, acc:0.37827650408878505, f1:0.33272105065799085
Epoch:4, Train Loss:1.2383134075504565, Vali Loss:1.3485257625579834, acc:0.3749269859813084, f1:0.3274619276588764
