Epoch:1, Train Loss:1.3894494831320727, Vali Loss:1.3060650825500488, acc:0.3798645589953271, f1:0.2111272512126507
Epoch:2, Train Loss:1.368153443558496, Vali Loss:1.3049851655960083, acc:0.38092326226635514, f1:0.22409547577687705
Epoch:3, Train Loss:1.3617552481199566, Vali Loss:1.3032957315444946, acc:0.38200021904205606, f1:0.22574326771686495
Epoch:4, Train Loss:1.3785859112314849, Vali Loss:1.3144235610961914, acc:0.3791161653037383, f1:0.21214326969858327
