Epoch:1, Train Loss:1.388574756301849, Vali Loss:1.3054239749908447, acc:0.37936258761682246, f1:0.21181576097883856
Epoch:2, Train Loss:1.3727762012346554, Vali Loss:1.313812494277954, acc:0.3787967289719626, f1:0.20813359774481485
Epoch:3, Train Loss:1.39023445419937, Vali Loss:1.3130238056182861, acc:0.3787967289719626, f1:0.20813359774481485
Epoch:4, Train Loss:1.39004383386388, Vali Loss:1.3125104904174805, acc:0.3787967289719626, f1:0.20813359774481485
