Epoch:1, Train Loss:1.3889912479319553, Vali Loss:1.3057937622070312, acc:0.3800927278037383, f1:0.21181738434139571
Epoch:2, Train Loss:1.3684101833023041, Vali Loss:1.2932111024856567, acc:0.3807589807242991, f1:0.22741547384158906
Epoch:3, Train Loss:1.3597729016894753, Vali Loss:1.2897677421569824, acc:0.38200021904205606, f1:0.23596025545246233
Epoch:4, Train Loss:1.3552083488900653, Vali Loss:1.2898223400115967, acc:0.3839350905373832, f1:0.2381383937336448
