Epoch:1, Train Loss:1.2884999294901145, Vali Loss:1.1796777248382568, acc:0.41783184871495327, f1:0.33628562264268025
Epoch:2, Train Loss:1.2293764616776854, Vali Loss:1.163684606552124, acc:0.4356563960280374, f1:0.39495931087891234
Epoch:3, Train Loss:1.1979435761071258, Vali Loss:1.157911777496338, acc:0.44414427570093457, f1:0.39568989368875307
