Epoch:1, Train Loss:1.3844377238258176, Vali Loss:1.295735239982605, acc:0.39487806658878505, f1:0.258439869865157
Epoch:2, Train Loss:1.370670541336662, Vali Loss:1.2930920124053955, acc:0.399331921728972, f1:0.27397732713688605
Epoch:3, Train Loss:1.3699772760453013, Vali Loss:1.2926139831542969, acc:0.3978898948598131, f1:0.2700715932016266
Epoch:4, Train Loss:1.369646723888181, Vali Loss:1.2921165227890015, acc:0.397725613317757, f1:0.26952692184486166
